## stránky na výpočet hodnoty -> ověření, zda mi to vychází správně
>https://onlinemschool.com/math/assistance/equation/gaus/ | https://matrix.reshish.com/gauss-jordanElimination.php

## informační stránky (Gaussova eliminační metoda)
>Odkaz je přímo na stáhnutí PDF souboru -> především metoda s pivotem.
>https://www.google.com/url?sa=t&rct=j&q=&esrc=s&source=web&cd=&ved=2ahUKEwigi-bL8o_9AhVyIMUKHZ3uB-w4ChAWegQIBxAB&url=https%3A%2F%2Fmathonline.fme.vutbr.cz%2Fdownload.aspx%3Fid_file%3D239&usg=AOvVaw38ciT9ICHsoESvKicAO-a6

>Odkaz na eBook o Gaussově eliminaci. Zde je hezky znázorněna zpětná substituce.
>https://www.yumpu.com/xx/document/read/23769606/gaussova-eliminace

## VÝSLEDEK
>V postupech si lze všimnout, že plno čísel není přímo rovno 0, ale čísla jsou často tak malá (e-14, e-18), že se jako 0 v podstatě berou.
```
--------------------------------------------------
i = 1
 matice: [[233, 89, 34, 13, 5], [3, 1, 0, 8, 21], [7, -7, -26, -44, 0], [55, 21, 8, 3, 1], [1, 5, 13, 34, 89]] | vektor: [3, 1, 1, 2, 0]

 matice: [[233, 89, 34, 13, 5], [0.0, -0.14592274678111594, -0.43776824034334766, 7.832618025751073, 20.935622317596568], [0.0, -9.67381974248927, -27.021459227467812, -44.39055793991416, -0.15021459227467812], [0.0, -0.008583690987123305, -0.025751072961373467, -0.06866952789699576, -0.18025751072961382], [0.0, 4.618025751072961, 12.854077253218884, 33.94420600858369, 88.97854077253218]] | vektor: [3, 0.9613733905579399, 0.9098712446351931, 1.2918454935622319, -0.012875536480686695]
--------------------------------------------------
i = 2
 matice: [[233, 89, 34, 13, 5], [0.0, -9.67381974248927, -27.021459227467812, -44.39055793991416, -0.15021459227467812], [0.0, -0.14592274678111594, -0.43776824034334766, 7.832618025751073, 20.935622317596568], [0.0, -0.008583690987123305, -0.025751072961373467, -0.06866952789699576, -0.18025751072961382], [0.0, 4.618025751072961, 12.854077253218884, 33.94420600858369, 88.97854077253218]] | vektor: [3, 0.9098712446351931, 0.9613733905579399, 1.2918454935622319, -0.012875536480686695]

 matice: [[233, 89, 34, 13, 5], [0.0, -9.67381974248927, -27.021459227467812, -44.39055793991416, -0.15021459227467812], [0.0, 0.0, -0.030168589174800198, 8.502218278615794, 20.937888198757765], [0.0, 0.0, -0.0017746228926386262, -0.02928127772848807, -0.1801242236024846], [0.0, 0.0, -0.045252883762200824, 12.753327417923693, 88.90683229813664]] | vektor: [3, 0.9098712446351931, 0.9476486246672582, 1.2910381543921918, 0.42147293700088734]
--------------------------------------------------
i = 3
 matice: [[233, 89, 34, 13, 5], [0.0, -9.67381974248927, -27.021459227467812, -44.39055793991416, -0.15021459227467812], [0.0, 0.0, -0.045252883762200824, 12.753327417923693, 88.90683229813664], [0.0, 0.0, -0.0017746228926386262, -0.02928127772848807, -0.1801242236024846], [0.0, 0.0, -0.030168589174800198, 8.502218278615794, 20.937888198757765]] | vektor: [3, 0.9098712446351931, 0.42147293700088734, 1.2910381543921918, 0.9476486246672582]

 matice: [[233, 89, 34, 13, 5], [0.0, -9.67381974248927, -27.021459227467812, -44.39055793991416, -0.15021459227467812], [0.0, 0.0, -0.045252883762200824, 12.753327417923693, 88.90683229813664], [0.0, 0.0, 0.0, -0.5294117647068178, -3.6666666666731498], [0.0, 0.0, -3.469446951953614e-18, 9.947598300641403e-14, -38.33333333333263]] | vektor: [3, 0.9098712446351931, 0.42147293700088734, 1.2745098039215381, 0.6666666666666698]
--------------------------------------------------
i = 4
 matice: [[233, 89, 34, 13, 5], [0.0, -9.67381974248927, -27.021459227467812, -44.39055793991416, -0.15021459227467812], [0.0, 0.0, -0.045252883762200824, 12.753327417923693, 88.90683229813664], [0.0, 0.0, 0.0, -0.5294117647068178, -3.6666666666731498], [0.0, 0.0, -3.469446951953614e-18, 9.947598300641403e-14, -38.33333333333263]] | vektor: [3, 0.9098712446351931, 0.42147293700088734, 1.2745098039215381, 0.6666666666666698]

 matice: [[233, 89, 34, 13, 5], [0.0, -9.67381974248927, -27.021459227467812, -44.39055793991416, -0.15021459227467812], [0.0, 0.0, -0.045252883762200824, 12.753327417923693, 88.90683229813664], [0.0, 0.0, 0.0, -0.5294117647068178, -3.6666666666731498], [0.0, 0.0, -3.469446951953614e-18, 0.0, -38.33333333333332]] | vektor: [3, 0.9098712446351931, 0.42147293700088734, 1.2745098039215381, 0.6666666666669093]
--------------------------------------------------
i = 5
 matice: [[233, 89, 34, 13, 5], [0.0, -9.67381974248927, -27.021459227467812, -44.39055793991416, -0.15021459227467812], [0.0, 0.0, -0.045252883762200824, 12.753327417923693, 88.90683229813664], [0.0, 0.0, 0.0, -0.5294117647068178, -3.6666666666731498], [0.0, 0.0, -3.469446951953614e-18, 0.0, -38.33333333333332]] | vektor: [3, 0.9098712446351931, 0.42147293700088734, 1.2745098039215381, 0.6666666666669093]

 matice: [[233, 89, 34, 13, 5], [0.0, -9.67381974248927, -27.021459227467812, -44.39055793991416, -0.15021459227467812], [0.0, 0.0, -0.045252883762200824, 12.753327417923693, 88.90683229813664], [0.0, 0.0, 0.0, -0.5294117647068178, -3.6666666666731498], [0.0, 0.0, -3.469446951953614e-18, 0.0, -38.33333333333332]] | vektor: [3, 0.9098712446351931, 0.42147293700088734, 1.2745098039215381, 0.6666666666669093]
--------------------------------------------------

Poslední cyklus -> výpočet proměnných
finální matice: [[233, 89, 34, 13, 5], [0.0, -9.67381974248927, -27.021459227467812, -44.39055793991416, -0.15021459227467812], [0.0, 0.0, -0.045252883762200824, 12.753327417923693, 88.90683229813664], [0.0, 0.0, 0.0, -0.5294117647068178, -3.6666666666731498], [0.0, 0.0, -3.469446951953614e-18, 0.0, -38.33333333333332]]

vektor: [3, 0.9098712446351931, 0.42147293700088734, 1.2745098039215381, 0.6666666666669093]
vektor: [3, 0.9098712446351931, 0.42147293700088734, 1.210741687979373, 0.6666666666669093]

vektor: [3, 0.9098712446351931, 0.42147293700088734, 1.210741687979373, 0.6666666666669093]
vektor: [3, 0.9098712446351931, 1.967678716099479, 1.210741687979373, 0.6666666666669093]

vektor: [3, 0.9098712446351931, 1.967678716099479, 1.210741687979373, 0.6666666666669093]
vektor: [3, 0.9072588169434586, 1.967678716099479, 1.210741687979373, 0.6666666666669093]

vektor: [3, 0.9072588169434586, 1.967678716099479, 1.210741687979373, 0.6666666666669093]
vektor: [3.086956521739162, 0.9072588169434586, 1.967678716099479, 1.210741687979373, 0.6666666666669093]

vektor: [3.086956521739162, 0.9072588169434586, 1.967678716099479, 1.210741687979373, 0.6666666666669093]
vektor: [3.086956521739162, 0.9072588169434586, 31.133984028338983, 1.210741687979373, 0.6666666666669093]

vektor: [3.086956521739162, 0.9072588169434586, 31.133984028338983, 1.210741687979373, 0.6666666666669093]
vektor: [3.086956521739162, -100.61201716718863, 31.133984028338983, 1.210741687979373, 0.6666666666669093]

vektor: [3.086956521739162, -100.61201716718863, 31.133984028338983, 1.210741687979373, 0.6666666666669093]
vektor: [32.817391304291235, -100.61201716718863, 31.133984028338983, 1.210741687979373, 0.6666666666669093]

vektor: [32.817391304291235, -100.61201716718863, 31.133984028338983, 1.210741687979373, 0.6666666666669093]
vektor: [32.817391304291235, -18691.37596563209, 31.133984028338983, 1.210741687979373, 0.6666666666669093]

vektor: [32.817391304291235, -18691.37596563209, 31.133984028338983, 1.210741687979373, 0.6666666666669093]
vektor: [23424.81739126283, -18691.37596563209, 31.133984028338983, 1.210741687979373, 0.6666666666669093]

vektor: [23424.81739126283, -18691.37596563209, 31.133984028338983, 1.210741687979373, 0.6666666666669093]
vektor: [-148537.4999997366, -18691.37596563209, 31.133984028338983, 1.210741687979373, 0.6666666666669093]
--------------------
VÝSLEDEK:
x1 = -637.4999999988696
x2 = 1932.1608695617913
x3 = -687.9999999987805
x4 = -2.286956521734775
x5 = -0.017391304347832422
 
VÝSLEDEK NumPy:
x1 = -637.4999999990561
x2 = 1932.1608695623568
x3 = -687.9999999989819
x4 = -2.286956521735483
x5 = -0.01739130434783333

```

## ZKOUŠKA
>vektor: [3, 1, 1, 2, 0] -> dosazení výsledků zpět do matice
<img src='https://github.com/jmoravec01/NUM/blob/master/zkouska/1.png'/>
<img src='https://github.com/jmoravec01/NUM/blob/master/zkouska/2.png'/>
<img src='https://github.com/jmoravec01/NUM/blob/master/zkouska/3.png'/>
<img src='https://github.com/jmoravec01/NUM/blob/master/zkouska/4.png'/>
<img src='https://github.com/jmoravec01/NUM/blob/master/zkouska/5.png'/>